Model: efficientnetb0_skeleton
Test Accuracy: 0.8616

              precision    recall  f1-score   support

           A     0.9389    0.9155    0.9270       805
           B     0.9442    0.9945    0.9687       902
           C     0.9400    0.9291    0.9345       691
           D     0.8980    0.9468    0.9217       883
           E     0.8622    0.9521    0.9050       815
           F     0.9914    0.9507    0.9707      1096
           G     0.9429    0.9386    0.9407       879
           H     0.9900    0.8967    0.9410       881
           I     0.8685    0.8451    0.8566       852
           J     0.9987    0.8602    0.9243       894
           K     0.8728    0.6922    0.7721       991
           L     0.9939    0.8010    0.8871      1010
           M     0.7871    0.8025    0.7947       562
           N     0.7854    0.7249    0.7539       429
           O     0.9045    0.9746    0.9382       787
           P     0.9812    0.8895    0.9331       706
           Q     0.9045    0.8950    0.8997       762
           R     0.8071    0.9045    0.8530       911
           S     0.7757    0.9229    0.8429       843
           T     0.8052    0.9167    0.8573       816
           U     0.9567    0.6750    0.7916       917
           V     0.8368    0.7004    0.7626       908
           W     0.7105    0.9714    0.8207       874
           X     0.7701    0.7851    0.7775       819
           Y     0.9759    0.9674    0.9716       920
           Z     0.8245    0.9580    0.8862       809
         del     0.7751    0.9740    0.8633       538
     nothing     0.0000    0.0000    0.0000         0
       space     0.0000    0.0000    0.0000       511

    accuracy                         0.8616     22811
   macro avg     0.8221    0.8202    0.8171     22811
weighted avg     0.8694    0.8616    0.8611     22811
