Model: efficientnetb0_crop
Test Accuracy: 0.9908

              precision    recall  f1-score   support

           A     0.9874    0.9882    0.9878      1269
           B     0.9944    0.9960    0.9952      1247
           C     0.9927    0.9959    0.9943      1222
           D     0.9861    0.9930    0.9895      1144
           E     0.9948    0.9862    0.9905      1162
           F     0.9950    0.9950    0.9950      1205
           G     0.9923    0.9864    0.9893      1177
           H     0.9949    0.9899    0.9924      1186
           I     0.9907    0.9774    0.9840      1193
           J     0.9782    0.9964    0.9872      1125
           K     0.9891    0.9949    0.9920      1182
           L     0.9966    0.9958    0.9962      1191
           M     0.9790    0.9840    0.9815      1185
           N     0.9767    0.9849    0.9808      1190
           O     0.9967    0.9943    0.9955      1221
           P     0.9982    0.9965    0.9974      1140
           Q     0.9958    0.9992    0.9975      1193
           R     0.9900    0.9900    0.9900      1203
           S     0.9942    0.9786    0.9863      1217
           T     0.9882    0.9719    0.9800      1208
           U     0.9852    0.9967    0.9909      1204
           V     0.9921    0.9877    0.9899      1139
           W     0.9991    0.9889    0.9940      1168
           X     0.9750    0.9975    0.9862      1214
           Y     0.9927    0.9959    0.9943      1227
           Z     0.9982    0.9838    0.9909      1111
         del     0.9951    0.9980    0.9966      1025
     nothing     1.0000    0.9978    0.9989       454
       space     0.9934    0.9991    0.9962      1060

    accuracy                         0.9908     33462
   macro avg     0.9911    0.9910    0.9910     33462
weighted avg     0.9909    0.9908    0.9908     33462
