Model: efficientnetb0_raw
Test Accuracy: 0.9969

              precision    recall  f1-score   support

           A     1.0000    0.9992    0.9996      1269
           B     0.9984    0.9992    0.9988      1247
           C     1.0000    0.9992    0.9996      1222
           D     0.9939    0.9983    0.9961      1144
           E     0.9939    0.9871    0.9905      1162
           F     0.9992    0.9983    0.9988      1205
           G     0.9941    0.9966    0.9953      1177
           H     0.9966    0.9941    0.9954      1186
           I     0.9983    0.9992    0.9987      1193
           J     0.9991    0.9982    0.9987      1125
           K     0.9975    0.9958    0.9966      1182
           L     0.9992    0.9966    0.9979      1191
           M     0.9949    0.9831    0.9890      1185
           N     0.9834    0.9933    0.9883      1190
           O     0.9975    1.0000    0.9988      1221
           P     0.9991    1.0000    0.9996      1140
           Q     1.0000    0.9992    0.9996      1193
           R     0.9992    0.9958    0.9975      1203
           S     0.9886    0.9951    0.9918      1217
           T     0.9959    0.9983    0.9971      1208
           U     0.9901    0.9992    0.9946      1204
           V     0.9982    0.9991    0.9987      1139
           W     1.0000    0.9949    0.9974      1168
           X     0.9967    0.9975    0.9971      1214
           Y     0.9992    0.9984    0.9988      1227
           Z     1.0000    0.9982    0.9991      1111
         del     1.0000    0.9980    0.9990      1025
     nothing     1.0000    1.0000    1.0000       454
       space     1.0000    1.0000    1.0000      1060

    accuracy                         0.9969     33462
   macro avg     0.9970    0.9970    0.9970     33462
weighted avg     0.9969    0.9969    0.9969     33462
