Model: landmark_mlp
Test Accuracy: 0.9763

              precision    recall  f1-score   support

           A     0.9674    0.9938    0.9804       805
           B     0.9912    1.0000    0.9956       902
           C     0.9670    0.9754    0.9712       691
           D     0.9942    0.9694    0.9817       883
           E     0.9913    0.9791    0.9852       815
           F     0.9954    0.9927    0.9941      1096
           G     0.9753    0.9898    0.9825       879
           H     0.9665    0.9830    0.9747       881
           I     0.9753    0.9718    0.9735       852
           J     0.9853    0.9776    0.9815       894
           K     0.9939    0.9818    0.9878       991
           L     0.9951    0.9990    0.9970      1010
           M     0.8533    0.9520    0.8999       562
           N     0.9465    0.7832    0.8571       429
           O     0.9726    0.9911    0.9817       787
           P     0.9943    0.9887    0.9915       706
           Q     0.9728    0.9869    0.9798       762
           R     0.9581    0.9780    0.9680       911
           S     0.9671    0.9775    0.9723       843
           T     0.9925    0.9694    0.9808       816
           U     0.9852    0.9422    0.9632       917
           V     0.9836    0.9912    0.9874       908
           W     0.9965    0.9760    0.9861       874
           X     0.9802    0.9683    0.9742       819
           Y     0.9978    0.9880    0.9929       920
           Z     0.9730    0.9815    0.9772       809
         del     0.9648    0.9684    0.9666       538
       space     0.9128    0.9628    0.9371       511

    accuracy                         0.9763     22811
   macro avg     0.9732    0.9721    0.9722     22811
weighted avg     0.9768    0.9763    0.9763     22811
