Model: mobilenetv2_raw
Test Accuracy: 0.9968

              precision    recall  f1-score   support

           A     0.9922    0.9976    0.9949      1269
           B     0.9992    0.9968    0.9980      1247
           C     0.9967    0.9992    0.9980      1222
           D     0.9983    0.9991    0.9987      1144
           E     0.9914    0.9931    0.9923      1162
           F     0.9992    0.9967    0.9979      1205
           G     0.9958    0.9992    0.9975      1177
           H     0.9992    0.9941    0.9966      1186
           I     0.9983    0.9983    0.9983      1193
           J     0.9991    0.9991    0.9991      1125
           K     0.9908    0.9983    0.9945      1182
           L     1.0000    1.0000    1.0000      1191
           M     0.9891    0.9916    0.9903      1185
           N     0.9949    0.9882    0.9916      1190
           O     0.9975    0.9967    0.9971      1221
           P     0.9991    1.0000    0.9996      1140
           Q     1.0000    1.0000    1.0000      1193
           R     0.9983    0.9942    0.9963      1203
           S     0.9886    0.9967    0.9926      1217
           T     0.9983    0.9942    0.9963      1208
           U     0.9934    0.9967    0.9950      1204
           V     0.9982    0.9912    0.9947      1139
           W     0.9983    0.9949    0.9966      1168
           X     0.9975    0.9967    0.9971      1214
           Y     0.9992    0.9992    0.9992      1227
           Z     0.9982    1.0000    0.9991      1111
         del     1.0000    0.9980    0.9990      1025
     nothing     1.0000    1.0000    1.0000       454
       space     1.0000    1.0000    1.0000      1060

    accuracy                         0.9968     33462
   macro avg     0.9969    0.9969    0.9969     33462
weighted avg     0.9968    0.9968    0.9968     33462
