Model: mobilenetv2_crop
Test Accuracy: 0.9513

              precision    recall  f1-score   support

           A     0.9084    0.9685    0.9375      1269
           B     0.9637    0.9800    0.9718      1247
           C     0.9694    0.9607    0.9651      1222
           D     0.9378    0.9747    0.9559      1144
           E     0.9686    0.9286    0.9482      1162
           F     0.9643    0.9851    0.9745      1205
           G     0.9579    0.9669    0.9624      1177
           H     0.9832    0.9351    0.9585      1186
           I     0.9327    0.9170    0.9248      1193
           J     0.9559    0.9440    0.9499      1125
           K     0.9483    0.9315    0.9398      1182
           L     0.9738    0.9681    0.9709      1191
           M     0.9458    0.9426    0.9442      1185
           N     0.9144    0.9605    0.9369      1190
           O     0.9449    0.9828    0.9635      1221
           P     0.9809    0.9895    0.9852      1140
           Q     0.9864    0.9757    0.9810      1193
           R     0.9631    0.9119    0.9368      1203
           S     0.8898    0.9417    0.9150      1217
           T     0.9563    0.9247    0.9402      1208
           U     0.8799    0.9435    0.9106      1204
           V     0.9248    0.9069    0.9158      1139
           W     0.9576    0.9478    0.9527      1168
           X     0.9408    0.9160    0.9282      1214
           Y     0.9552    0.9723    0.9637      1227
           Z     0.9782    0.8893    0.9316      1111
         del     0.9921    0.9776    0.9848      1025
     nothing     0.9848    1.0000    0.9923       454
       space     0.9857    0.9755    0.9806      1060

    accuracy                         0.9513     33462
   macro avg     0.9533    0.9523    0.9525     33462
weighted avg     0.9520    0.9513    0.9514     33462
