Model: mobilenetv2_skeleton
Test Accuracy: 0.8455

              precision    recall  f1-score   support

           A     0.9043    0.8571    0.8801       805
           B     0.9889    0.7894    0.8779       902
           C     0.9357    0.9059    0.9206       691
           D     0.9573    0.8630    0.9077       883
           E     0.8969    0.7362    0.8086       815
           F     0.9849    0.8951    0.9379      1096
           G     0.8515    0.9852    0.9135       879
           H     0.9392    0.9115    0.9251       881
           I     0.7492    0.8415    0.7927       852
           J     0.9217    0.9217    0.9217       894
           K     0.7197    0.9455    0.8173       991
           L     0.9864    0.9327    0.9588      1010
           M     0.5127    0.8274    0.6331       562
           N     0.7061    0.8065    0.7530       429
           O     0.9604    0.8945    0.9263       787
           P     0.9557    0.9476    0.9516       706
           Q     0.9373    0.9423    0.9398       762
           R     0.8179    0.9221    0.8669       911
           S     0.8347    0.8683    0.8512       843
           T     0.8491    0.9105    0.8788       816
           U     0.8897    0.7830    0.8329       917
           V     0.7319    0.7577    0.7446       908
           W     0.8986    0.5984    0.7184       874
           X     0.8575    0.8083    0.8322       819
           Y     0.9354    0.9761    0.9553       920
           Z     0.9572    0.7466    0.8389       809
         del     0.8167    0.9610    0.8830       538
     nothing     0.0000    0.0000    0.0000         0
       space     0.0000    0.0000    0.0000       511

    accuracy                         0.8455     22811
   macro avg     0.8102    0.8047    0.8023     22811
weighted avg     0.8588    0.8455    0.8471     22811
